4294967278,285
4294967279,479
4294967294,1269
4294967294,1268
4294967279,478
4294967294,1267
4294967294,1266
4294967279,477
4294967294,1265
4294967279,476
4294967294,1264
4294967279,475
4294967294,1263
4294967294,1262
4294967279,474
4294967294,1107
4294967294,1261
4294967279,473
4294967294,1260
4294967294,1259
4294967279,472
4294967294,1106
4294967294,1105
4294967294,1258
4294967279,471
4294967294,1257
4294967279,470
4294967294,1256
4294967294,1255
4294967279,469
4294967294,1254
4294967279,468
4294967294,1253
4294967294,1252
4294967279,467
4294967294,1251
4294967279,466
4294967294,1104
4294967294,1250
4294967294,1249
4294967279,465
4294967294,1248
4294967279,464
4294967294,1247
4294967294,1246
4294967279,463
4294967294,1245
4294967279,462
4294967294,1244
4294967294,1243
4294967279,461
4294967294,1242
4294967279,460
4294967294,1241
4294967294,1240
4294967279,459
4294967294,1239
4294967279,458
4294967294,1238
4294967294,1237
4294967279,457
4294967294,1236
4294967279,456
4294967294,1103
4294967294,1235
4294967294,1102
4294967279,455
4294967294,1234
4294967294,1233
4294967279,454
4294967294,1232
4294967279,453
4294967294,1231
4294967294,1230
4294967279,452
4294967294,1229
4294967279,451
4294967294,1228
4294967294,1227
4294967279,450
4294967294,1226
4294967279,449
4294967294,1225
4294967294,1224
4294967294,1101
4294967279,448
4294967294,1223
4294967279,447
4294967294,1222
4294967294,1221
4294967279,446
4294967294,1220
4294967294,1100
4294967279,445
4294967294,1219
4294967279,444
4294967294,1218
4294967294,1217
4294967279,443
4294967294,1216
4294967279,442
4294967294,1215
4294967279,441
4294967294,1214
4294967294,1099
4294967294,1213
4294967279,440
4294967294,1212
4294967279,439
4294967294,1211
4294967294,1210
4294967279,438
4294967294,1209
4294967279,437
4294967294,1208
4294967294,1207
4294967279,436
4294967294,1206
4294967279,435
4294967294,1205
4294967279,434
4294967294,1204
4294967294,1203
4294967294,1098
4294967279,433
4294967294,1202
4294967279,432
4294967294,1201
4294967294,1097
4294967294,1200
4294967279,431
4294967294,1199
4294967279,430
4294967294,1198
4294967294,1197
4294967279,429
4294967294,1196
4294967279,428
4294967294,1195
4294967294,1194
4294967279,427
4294967294,1096
4294967294,1193
4294967279,426
4294967294,1192
4294967294,1191
4294967279,425
4294967294,1190
4294967279,424
4294967294,1189
4294967294,1188
4294967279,423
4294967294,1095
4294967294,1187
4294967279,422
4294967294,1186
4294967294,1185
4294967279,421
4294967294,1184
4294967279,420
4294967294,1183
4294967279,419
4294967294,1182
4294967294,1181
4294967279,418
4294967294,1180
4294967279,417
4294967294,1179
4294967279,416
4294967294,1094
4294967294,1178
4294967294,1177
4294967279,415
4294967294,1176
4294967279,414
4294967294,1175
4294967294,1174
4294967279,413
4294967294,1173
4294967279,412
4294967294,1172
4294967294,1171
4294967279,411
4294967294,1170
4294967279,410
4294967294,1169
4294967294,1093
4294967294,1092
4294967279,409
4294967294,1168
4294967294,1167
4294967279,408
4294967294,1166
4294967294,1091
4294967279,407
4294967294,1165
4294967294,1164
4294967279,406
4294967294,1163
4294967279,405
4294967294,1162
4294967279,404
4294967294,1161
4294967294,1160
4294967279,403
4294967294,1159
4294967279,402
4294967294,1158
4294967294,1157
4294967279,401
4294967294,1156
4294967279,400
4294967294,1155
4294967294,1154
4294967294,1090
4294967279,399
4294967294,1153
4294967279,398
4294967294,1152
4294967294,1087
4294967279,397
4294967294,1086
4294967279,396
4294967294,1085
4294967294,1084
4294967279,395
4294967294,1083
4294967279,394
4294967294,1082
4294967294,1081
4294967279,393
4294967294,1080
4294967279,392
4294967294,1079
4294967279,391
4294967294,1078
4294967294,1077
4294967294,1089
4294967279,390
4294967294,1076
4294967294,1075
4294967279,389
4294967294,1088
4294967294,1074
4294967279,388
4294967294,1073
4294967294,1072
4294967279,387
4294967294,1071
4294967279,386
4294967294,1070
4294967294,1069
4294967279,385
4294967294,1068
4294967279,384
4294967294,1067
4294967294,1066
4294967279,383
4294967294,1065
4294967279,382
4294967294,1064
4294967279,381
4294967294,1063
4294967294,1062
4294967279,380
4294967294,1061
4294967279,379
4294967294,1060
4294967279,378
4294967294,1059
4294967294,1058
4294967279,377
4294967294,1057
4294967279,376
4294967294,1056
4294967279,375
4294967294,1055
4294967294,1054
4294967279,374
4294967294,1053
4294967279,373
4294967294,1052
4294967294,1051
4294967279,372
4294967294,1050
4294967279,371
4294967294,1049
4294967294,1048
4294967279,370
4294967294,1047
4294967279,369
4294967294,1046
4294967294,1045
4294967279,368
4294967294,1044
4294967279,367
4294967294,1043
4294967294,1042
4294967279,366
4294967294,1041
4294967294,959
4294967279,365
4294967294,1040
4294967279,364
4294967294,1039
4294967294,1038
4294967279,363
4294967294,1037
4294967279,362
4294967294,1036
4294967294,1035
4294967279,361
4294967294,1034
4294967279,360
4294967294,1033
4294967294,1032
4294967279,359
4294967294,1031
4294967279,358
4294967294,1030
4294967294,1029
4294967279,357
4294967294,1028
4294967279,356
4294967294,1027
4294967294,958
4294967294,1026
4294967279,355
4294967294,1025
4294967279,354
4294967294,1024
4294967279,353
4294967294,1023
4294967294,957
4294967294,956
4294967294,955
4294967294,1022
4294967279,352
4294967294,1021
4294967294,954
4294967279,351
4294967294,1020
4294967279,350
4294967294,1019
4294967294,1018
4294967279,349
4294967294,953
4294967294,1017
4294967279,348
4294967294,1016
4294967294,1015
4294967279,347
4294967294,1014
4294967279,346
4294967294,1013
4294967279,345
4294967294,1012
4294967294,1011
4294967279,344
4294967294,1010
4294967279,343
4294967294,1009
4294967294,1008
4294967279,342
4294967294,1007
4294967279,341
4294967294,1006
4294967294,952
4294967294,1005
4294967279,340
4294967294,1004
4294967279,339
4294967294,1003
4294967294,1002
4294967279,338
4294967294,1001
4294967279,337
4294967294,1000
4294967279,336
4294967294,999
4294967294,998
4294967279,335
4294967294,997
4294967279,334
4294967294,996
4294967294,995
4294967279,333
4294967294,994
4294967294,951
4294967279,332
4294967294,993
4294967294,992
4294967279,331
4294967294,991
4294967279,330
4294967294,990
4294967294,950
4294967294,989
4294967279,329
4294967294,988
4294967279,328
4294967294,987
4294967294,986
4294967279,327
4294967294,985
4294967279,326
4294967294,984
4294967294,983
4294967279,325
4294967294,982
4294967279,324
4294967294,981
4294967294,980
4294967279,323
4294967294,979
4294967279,322
